1 20
 0.0498822 0.050182 0.050211 0.0499971 0.0500698 0.0497622 0.0499724 0.0500928 0.0500233 0.0498791 0.049985 0.0498483 0.0499887 0.05013 0.049986 0.0500944 0.0499495 0.0498375 0.0500118 0.0500969
-19.084 1.00164 1.00857 1.00254 1.00154 1.00854 1.0008 1.00462 1.00617 1.00861 1.00538 1.00633 1.00631 1.00313 1.00029 1.00088 1.00712 1.00941 1.00031 1.00183 
1.00164 -19.1006 1.00185 1.00897 1.00207 1.00757 1.00038 1.00836 1.00246 1.00821 1.00446 1.005 1.00987 1.00214 1.00816 1.00492 1.00653 1.00875 1.00538 1.00387 
1.00857 1.00185 -19.1009 1.00042 1.00759 1.00307 1.00101 1.00772 1.00875 1.00903 1.00944 1.00988 1.00053 1.00782 1.0068 1.00892 1.00126 1.00363 1.00401 1.00064 
1.00254 1.00897 1.00042 -19.0881 1.00538 1.00531 1.00251 1.00044 1.00803 1.00974 1.00322 1.00505 1.00159 1.00258 1.00168 1.00788 1.00621 1.00396 1.00454 1.00804 
1.00154 1.00207 1.00759 1.00538 -19.1138 1.00016 1.00993 1.0079 1.00451 1.00985 1.00585 1.00706 1.00556 1.0093 1.00145 1.00985 1.00748 1.00272 1.00869 1.00689 
1.00854 1.00757 1.00307 1.00531 1.00016 -19.1012 1.00849 1.00519 1.00836 1.00932 1.00437 1.00134 1.00855 1.00433 1.00225 1.00063 1.00954 1.00382 1.00164 1.00872 
1.0008 1.00038 1.00101 1.00251 1.00993 1.00849 -19.0956 1.00374 1.00318 1.00925 1.00284 1.0023 1.0055 1.00357 1.00854 1.00974 1.00811 1.00141 1.00741 1.00693 
1.00462 1.00836 1.00772 1.00044 1.0079 1.00519 1.00374 -19.0976 1.00486 1.00733 1.00735 1.00337 1.00253 1.00934 1.00628 1.0004 1.00264 1.00803 1.00346 1.00409 
1.00617 1.00246 1.00875 1.00803 1.00451 1.00836 1.00318 1.00486 -19.0929 1.00086 1.00106 1.00303 1.00492 1.00425 1.00952 1.00716 1.00305 1.00548 1.00069 1.00656 
1.00861 1.00821 1.00903 1.00974 1.00985 1.00932 1.00925 1.00733 1.00086 -19.1285 1.00628 1.00961 1.00781 1.00056 1.00395 1.0053 1.00618 1.00765 1.00537 1.0036 
1.00538 1.00446 1.00944 1.00322 1.00585 1.00437 1.00284 1.00735 1.00106 1.00628 -19.0924 1.00016 1.00386 1.00386 1.00007 1.00386 1.00736 1.00965 1.00385 1.00953 
1.00633 1.005 1.00988 1.00505 1.00706 1.00134 1.0023 1.00337 1.00303 1.00961 1.00016 -19.086 1.00615 1.00181 1.00194 1.00422 1.00276 1.00226 1.00749 1.00629 
1.00631 1.00987 1.00053 1.00159 1.00556 1.00855 1.0055 1.00253 1.00492 1.00781 1.00386 1.00615 -19.0893 1.00443 1.00112 1.00863 1.00404 1.00474 1.00119 1.00203 
1.00313 1.00214 1.00782 1.00258 1.0093 1.00433 1.00357 1.00934 1.00425 1.00056 1.00386 1.00181 1.00443 -19.088 1.00724 1.00993 1.00662 1.00064 1.00523 1.0012 
1.00029 1.00816 1.0068 1.00168 1.00145 1.00225 1.00854 1.00628 1.00952 1.00395 1.00007 1.00194 1.00112 1.00724 -19.0936 1.00225 1.00986 1.00929 1.00528 1.00767 
1.00088 1.00492 1.00892 1.00788 1.00985 1.00063 1.00974 1.0004 1.00716 1.0053 1.00386 1.00422 1.00863 1.00993 1.00225 -19.1025 1.00595 1.00801 1.00267 1.0013 
1.00712 1.00653 1.00126 1.00621 1.00748 1.00954 1.00811 1.00264 1.00305 1.00618 1.00736 1.00276 1.00404 1.00662 1.00986 1.00595 -19.1055 1.00801 1.00152 1.00125 
1.00941 1.00875 1.00363 1.00396 1.00272 1.00382 1.00141 1.00803 1.00548 1.00765 1.00965 1.00226 1.00474 1.00064 1.00929 1.00801 1.00801 -19.1074 1.00377 1.0062 
1.00031 1.00538 1.00401 1.00454 1.00869 1.00164 1.00741 1.00346 1.00069 1.00537 1.00385 1.00749 1.00119 1.00523 1.00528 1.00267 1.00152 1.00377 -19.0784 1.00595 
1.00183 1.00387 1.00064 1.00804 1.00689 1.00872 1.00693 1.00409 1.00656 1.0036 1.00953 1.00629 1.00203 1.0012 1.00767 1.0013 1.00125 1.0062 1.00595 -19.0926 
0 
0 
0 
0 
0 
0 
0 
0 
0 
0 
0 
0 
0 
0 
0 
0 
0 
0 
0 
0 
