7
CP80_BP186         0      0.82      1.41      1.34      1.79      2.28      2.66
YO82_BPP2      0.82         0      1.56      1.74      1.53      2.26      2.34
TRAR_ECOLI      1.41      1.56         0      1.16      2.08       2.5      2.66
YBII_ECOLI      1.34      1.74      1.16         0      1.93       2.5      2.91
YE97_HAEIN      1.79      1.53      2.08      1.93         0      3.28      3.77
DKSA_ECOLI      2.28      2.26       2.5       2.5      3.28         0      0.15
DKSA_HAEIN      2.66      2.34      2.66      2.91      3.77      0.15         0
