((M14867/1-73:0.016417,(M14856/1-73:0.004134,(X74085/1-73:0.016008,
M10740/1-73:0.015959):0.000895):0.010019):0.070383,(((K00346/1-73:0.013334,
K00345/1-73:0.017045):0.005679,X02683/1-73:0.011201):0.033902,
(K02849/1-73:0.025229,(V00376/1-73:0.029495,
K00341/1-73:0.002472):0.030776):0.141832):0.034438,X02710/1-73:0.024807);

